52608
64824
87736
89955
97079
102152
128421
144233
164558
164686
175045
186077
186461
187041
191703
209224
210607
210742
237950
241188
259027
259165
259209
261621
269630
269724
273153
280254
288096
288479
318820
321599
333984
355978
358636
373550
374122
386318
459411
534216
545064
545065
546819
585292
590045
614228
618158
691125
704555
852107
852250
853782
853946
856593
856668
878832
896895
933588
955392
965632
1006060
1010480
1038935
1046606
1085656
1117267
1181263
1181370
1196530
1330753
1474232
1474234
1550334
1587014
1602726
1661959
1850021
2004161
2091159
2236003
2267635
2294135
2310904
2361938
2449665
2480790
2523650
2804929
2904295
2949748
2982434
2990770
3174347
3181031
3198273
3531895
3542101
3563056
3570733
3585012
3627134
3639870
3642642
3715428
3733981
3752537
3768145
3782354
3785441
3833052
3846638
3848193
3878355
3939961
3943714
3943720
3943724
3943727
3945312
3945326
3945336
3951825
3969002
3997060
4009402
4056856
4057659
4062275
4081583
4114386
4119968
4127641
4144768
4156510
4185554
4205767
4211105
4211106
4224099
4224967
4245539
4246086
4257581
4277794
4278336
4319342
4386143
4386327
4386366
4386406
4386469
4386475
4394806
4430243
4430244
4430247
4437145
4440566
4440574
4440788
4440789
4440792
4451867
4454064
4464884
4483608
4483862
4484152
4487675
4520154
4554249
4599912
4691477
4700400
4707180
4734714
4770380
4816721
4849139
4870724
4872063
4912789
4925870
4939594
4940272
4945121
4959907
4960603
4963359
4965011
4965574
4968545
4968703
4997548
5028622
5071130
5115937
5137848
5185074
5185179
5202925
5276885
5341217
5353883
5417674
5424849
5441305
5466769
5466780
5466785
5466788
5466789
5466791
5466795
5466798
5466807
5466811
5466814
5466818
5466821
5473795
5477685
5480781
5483205
5520322
5535856
5550904
5550910
5554949
5558025
5561912
5561919
5561922
5571638
5587941
5591274
5651775
5651783
5668484
5668495
5683815
5699156
5700362
5712122
5712211
5717792
5725589
5744290
5758028
5759037
5775099
5784807
5785100
5799727
5816934
5831253
5831255
5831256
5831268
5831522
5833762
5849580
5849595
5849643
5849646
5860937
5864164
5900034
5900089
5900160
5900161
5900179
5900184
5900186
5900189
5900225
5901622
5903898
5942527
5942528
5951320
5961722
5980800
6028573
6029065
6114347
6114606
6120209
6127098
6143822
6144062
6169046
6169177
6169422
6169660
6170463
6197173
6203470
6203473
6214472
6237886
6238591
6250876
6262797
6266251
6266268
6266280
6266445
6266447
6266622
6266627
6266701
6266770
6279147
6285071
6285073
6289026
6289041
6326861
6326928
6328870
6328893
6328944
6333640
6336598
6347891
6373164
6390193
6443357
6455384
6468225
6538615
6539020
6541074
6553283
6564830
6588323
6590645
6590647
6590651
6597520
6607112
6611922
6613598
6614797
6682880
6683943
6684793
6694543
6694560
6694965
6699308
6700127
6700265
6712711
6770610
6770775
6774947
6775160
6779570
6781273
6790004
6801640
6802052
6817007
6825964
6837647
6862449
6862457
6863178
6863252
6863253
6863282
6872468
6873167
6873324
6873500
6913349
6918507
6918529
6919706
6919751
6920721
6927335
6927350
6930642
6930964
6949494
6950031
6951299
6963887
6963889
6990398
6994676
7005047
7016218
7018662
7033786
7034739
7054384
7054402
7054502
7054801
7059605
7100958
7108043
7108092
7108454
7109243
7111490
7111588
7118320
7155739
7167083
7172774
7172858
7172860
7172863
7184588
7203701
7203775
7203789
7205373
7217134
7224866
7231804
7234225
7237634
7237663
7255321
7282378
7282433
7318903
7318916
7330926
7348172
7402619
7409808
7411970
7414901
7428213
7433849
7433851
7434018
7441481
7451936
7451957
7456532
7457422
7489107
7518782
7519009
7519198
7534380
7558438
7564282
7567223
7567440
7567445
7567554
7567600
7578613
7578855
7579943
7580445
7599735
7605981
7648468
7651555
7652208
7654163
7654428
7654610
7667454
7679727
7680623
7680634
7680681
7688995
7693692
7707115
7709255
7735778
7738887
7792752
7792841
7793096
7794043
7821573
7821937
7843970
7843978
7857000
7876507
7926666
7927422
7927426
7927429
7927581
7937763
7947438
7947635
7947709
7947754
7947849
7948056
7948072
7984780
8015704
8015797
8068819
8074426
8088386
8088617
8089248
8101922
8102178
8106631
8112169
8112186
8112905
8113904
8114057
8143683
8148350
8159242
8170251
8217435
8254160
8274863
8276182
8278872
8292880
8292895
8293717
8293781
8296977
8344740
8347240
8353793
8369251
8369273
8369680
8369695
8369776
8369778
8369831
8377802
8386571
8387508
8421362
8422672
8428065
8439003
8439005
8441783
8442324
8468112
8469940
8470846
8472560
8472577
8475161
8478259
8479058
8482859
8498405
8499635
8515272
8515596
8533076
8573370
8629198
8630075
8661806
8666440
8666805
8676994
8680077
8681899
8719574
8719576
8720273
8720278
8727454
8730998
8733007
8756816
8756892
8774414
8774570
8774638
8774639
8783849
8794094
8814975
8828597
8837510
8844580
8865706
8867253
8871552
8872389
8872441
8872719
8937982
8937985
8947553
8962228
8962521
8963948
8964296
8986709
8993775
9000864
9034758
9034980
9062785
9062790
9070110
9140591
9140593
9140597
9140600
9150640
9222386
9301837
9367466
9395585
9462352
9462408
9498584
9507657
9542003
9552902
9565565
9603487
9648153
9716297
9755376
9755383
9755390
9785300
9808085
9810172
9821387
9822690
9822733
9858904
9900008
9929281
10096886
10096887
10149293
10170423
10207554
10276178
10286038
10374888
10472351
10526899
10531120
10615247
10653886
10669434
10826514
10905773
10971626
10994723
11001887
11006806
11069123
11158789
11162131
11177238
11348104
11350082
11391951
11400591
11417942
11455717
11464447
11469206
11587838
11593539
11624755
11624813
11624819
11624907
11645171
11702921
11733651
11743785
11743789
11773871
11798249
11798250
11839273
11852050
11860562
11909534
11911889
11933549
11951215
11952176
11952304
12024976
12039676
12040985
12081508
12123574
12134140
12198521
12198523
12198531
12234109
12266914
12505005
12505403
12513371
12534135
12586595
12593065
12594566
12619604
12700837
12805817
12899151
12903168
12920750
12933051
12950487
12955837
12956000
13012283
13081133
13107027
13185326
13307522
13543724
13620775
13681232
13752470
13801775
13806260
13814951
13919893
14052063
14147300
14213112
14213937
14377147
14580631
14593616
14615222
14647295
14655998
14704774
14711252
14820411
14820416
14820420
14820437
14820446
14820466
14820469
14853183
15044919
15092992
15206825
15223424
15240212
15382149
15389577
15422584
15491784
15491800
15524063
15588865
15633961
15633962
15667292
15947455
15978610
15984741
16002856
16029615
16049973
16073011
16204377
16211537
16388464
16422868
16438451
16519714
16594725
16634008
16636019
16723181
16726161
16809843
16960662
17113690
17177368
17342282
17372998
17485352
17485780
17489163
17511838
17527938
17660925
17682883
17768376
17899033
18001286
18189047
18197630
18260123
18280833
18408979
18495412
18504013
18631424
18687845
18759200
18783949
18880644
18921474
19037726
19224085
19231459
19654640
19704271
19789837
19789841
19832500
20050353
20074182
20210396
20435095
20538974
20576570
20581299
20684574
21050460
21811094
21840652
22775934
23549137
24554242
25461701
25810707
26443249
26648941
26668817
26925731
27038010
27099093
27114632
27152951
27288569
27452443
27490857
27490881
27505120
27686680
27788817
27910251
27986719
28197097
28266692
28266695
28266696
28279109
28283852
28490242
28525326
28572048
28574958
28576636
28576645
28670064
28674966
28679905
28682345
28682350
28759904
28867253
28913835
29052852
29094497
29181420
29342443
29344546
29376327
29509489
29509491
29509502
29509513
29566907
29653988
29726512
29790215
29832466
30159784
30215681
30251193
30268012
30289537
30289540
30344500
30372403
30373052
30409127
30496227
30571028
30617023
30711884
30763728
30792661
30795043
30954662
31025294
31067412
31071841
31096912
31112245
31112564
31251590
31327341
31330436
31340924
31602311
31715289
31760354
31763557
31873241
32017747
32038719
32055757
32063117
32122734
32258501
32338863
32381238
32386521
32386524
32386532
32386534
32386590
32386619
32402905
32502650
32519068
32553499
32570273
32623458
32641818
32667420
32838797
32845683
32845701
33122147
33122148
33122152
33175650
33175651
33175667
33175673
33539235
33539242
33550139
33552524
34066399
34128979
34133304
34150285
34221997
34263260
34387186
34392837
34394492
34398523
34421895
34448142
34492643
34539087
34579924
34585129
34639577
34645321
34670926
34670931
34718928
34746298
34762353
35013837
35014684
35025685
35065436
35090156
35118208
35118250
35177799
35215486
35345626
35368202
35378672
35425759
35436630
35437525
35437549
35490296
35606045
35962978
35980873
35999387
36050277
36070577
36086367
36122947
36236254
36239190
36328573
36504458
36625295
36633901
36712864
36713392
36730429
36730430
36733312
36733315
36755611
36763947
36823725
36915547
36926327
36928186
36962826
36963719
36968920
37095097
37101039
37148208
37208833
37226044
37380681
37416563
37533033
37605910
37651089
37651183
37808313
37820986
37919866
37945360
38168755
38195854
38264003
38342155
38343508
38375328
38395147
38410501
38412249
38412413
38431825
38557069
38670063
38699699
38735892
38736274
38782891
38782896
38803615
38814009
38821934
38821936
38877603
38877604
38892300
38894397
38933571
38933572
38947200
38963049
38963051
38975904
39093467
11367262
33763794
32060910
38880705
5466806
5386754
8292838
16352272
4968548
4959926
15267098
6358834
2513977
97075
259191
15330792
5982899
20063577
13681532
5900228
2504924
7144207
20381587
4968385
7654130
2844473
7654118
36651210
11017012
9043018
19201236
27700659
18743334
10093263
7316610
4604639
29736026
97080
8143671
6801681
37301862
6266699
31550977
6289031
20597291
36145164
12240430
4693665
8292925
4687314
8482510
7841821
7111553
4792495
6266282
12955794
6480208
4933643
4553261
25242991
5798907
34645214
35590093
28975117
5849596
6867997
3921418
4386325
6801639
7947741
12001949
10149610
1578750
9608654
12357530
5934345
6975209
7680697
7580844
38892298
17674675
14820438
31747091
7329851
5849642
5660498
33825393
6100893
31617700
7055025
19959745
6289029
12969398
8583638
8719570
6052793
11333721
32553500
8691820
39191612
4930676
6266286
29068393
34934562
9945032
7680552
4938241
11624902
6653621
12920771
8466227
30268013
12444594
14976142
# GroundReel (When the ground shifts) — BlackBerry A/B twin
6285683 ground/v_hook.mp4
6611938 ground/v_touch.mp4
7643614 ground/v_office.mp4
37689041 ground/v_crowd.mp4
30124780 ground/v_close.mp4
1474237 ground/p_reveal.jpg
36733421 ground/p_office.jpg
216581 ground/p_keyboard.jpg
5703424 ground/p_fad.jpg
8134067 ground/p_boardroom.jpg
9870223 ground/p_paid.jpg
38201429 ground/p_anchor.jpg
10785779 ground/p_lone.jpg
270257 ground/p_recycle.jpg
14127221 ground/p_made.jpg
# UglyReel (Nobody will touch it) — SanitationReel A/B twin
29704052 ugly/v_hook.mp4
9472840 ugly/v_units.mp4
32621171 ugly/v_service.mp4
14881072 ugly/v_event.mp4
32636373 ugly/v_dusk.mp4
9000867 ugly/p_row.jpg
33424674 ugly/p_potty.jpg
4440530 ugly/p_gloves.jpg
7841410 ugly/p_contract.jpg
29509476 ugly/p_calendar.jpg
17842575 ugly/p_event.jpg
# ForecastReel (What a forecast is worth) — AttReel A/B twin
8102790 forecast/v_hook.mp4
5736195 forecast/v_lab.mp4
8847933 forecast/v_board.mp4
34576168 forecast/v_crowd.mp4
34398886 forecast/v_close.mp4
37401990 forecast/p_brick.jpg
7947854 forecast/p_study.jpg
36359722 forecast/p_tower.jpg
33419837 forecast/p_wired.jpg
7947757 forecast/p_chart.jpg
6773517 forecast/p_deal.jpg
11624820 forecast/p_money.jpg
19570444 forecast/p_skyline.jpg
